# unix_time, cycles_done, cur_path, paths_total, pending_total, pending_favs, map_size, unique_crashes, unique_hangs, max_depth, execs_per_sec
1571791057, 0, 0, 10, 10, 8, 0.42%, 0, 0, 1, 15.06
1571791062, 0, 0, 13, 13, 8, 0.42%, 0, 0, 2, 17.09
1571791067, 0, 0, 21, 21, 8, 0.42%, 0, 0, 2, 17.59
1571791072, 0, 0, 27, 27, 8, 0.42%, 0, 0, 2, 14.81
1571791077, 0, 0, 29, 29, 8, 0.42%, 0, 0, 2, 12.56
1571791082, 0, 0, 34, 34, 8, 0.43%, 0, 0, 2, 15.20
1571791087, 0, 0, 36, 36, 8, 0.43%, 0, 0, 2, 12.41
1571791092, 0, 0, 42, 42, 8, 0.43%, 0, 0, 2, 13.87
1571791097, 0, 0, 48, 48, 8, 0.43%, 0, 0, 2, 13.22
1571791102, 0, 0, 52, 52, 8, 0.43%, 0, 0, 2, 15.26
1571791108, 0, 0, 59, 59, 8, 0.43%, 0, 0, 2, 15.74
1571791113, 0, 0, 62, 62, 8, 0.43%, 0, 0, 2, 14.94
1571791118, 0, 0, 66, 66, 8, 0.43%, 0, 0, 2, 15.44
1571791123, 0, 0, 69, 69, 8, 0.43%, 0, 0, 2, 14.15
1571791128, 0, 0, 71, 71, 8, 0.43%, 0, 0, 2, 15.16
1571791133, 0, 0, 74, 74, 8, 0.43%, 0, 0, 2, 15.97
1571791138, 0, 0, 75, 75, 8, 0.43%, 0, 0, 2, 16.79
1571791143, 0, 0, 76, 76, 8, 0.43%, 0, 0, 2, 16.81
1571791148, 0, 0, 80, 80, 8, 0.43%, 0, 0, 2, 17.00
1571791164, 0, 0, 81, 81, 8, 0.43%, 0, 0, 2, 16.58
1571791169, 0, 0, 83, 83, 8, 0.43%, 0, 0, 2, 16.83
1571791174, 0, 0, 84, 84, 8, 0.43%, 0, 0, 2, 14.87
1571791179, 0, 0, 87, 87, 8, 0.43%, 0, 0, 2, 15.64
1571791189, 0, 0, 89, 89, 8, 0.43%, 0, 0, 2, 16.17
1571791220, 0, 0, 90, 90, 8, 0.43%, 0, 0, 2, 16.67
1571791231, 0, 0, 91, 91, 8, 0.43%, 0, 0, 2, 16.63
1571791236, 0, 0, 92, 92, 8, 0.43%, 0, 0, 2, 16.68
1571791241, 0, 0, 93, 93, 8, 0.43%, 0, 0, 2, 16.72
1571791272, 0, 0, 94, 94, 8, 0.43%, 0, 0, 2, 16.84
1571791277, 0, 0, 97, 97, 8, 0.43%, 0, 0, 2, 17.00
1571791365, 0, 0, 98, 98, 8, 0.43%, 0, 0, 2, 16.27
1571791401, 0, 0, 99, 99, 8, 0.43%, 0, 0, 2, 16.73
1571791570, 0, 0, 100, 100, 8, 0.43%, 0, 0, 2, 14.67
1571791606, 0, 0, 101, 101, 8, 0.43%, 0, 0, 2, 12.51
1571791637, 0, 0, 102, 102, 8, 0.43%, 0, 0, 2, 14.68
1571791668, 0, 0, 106, 106, 8, 0.43%, 0, 0, 2, 12.24
1571791693, 0, 0, 107, 107, 8, 0.43%, 0, 0, 2, 15.01
1571791719, 0, 0, 108, 108, 8, 0.43%, 0, 0, 2, 14.79
1571791724, 0, 0, 109, 109, 8, 0.43%, 0, 0, 2, 16.01
1571791770, 0, 0, 110, 110, 8, 0.43%, 0, 0, 2, 15.86
1571791791, 0, 0, 111, 111, 8, 0.43%, 0, 0, 2, 15.28
1571791811, 0, 0, 112, 112, 8, 0.43%, 0, 0, 2, 16.47
1571792011, 0, 0, 113, 113, 8, 0.43%, 0, 0, 2, 17.14
1571792190, 0, 0, 115, 115, 8, 0.43%, 0, 0, 2, 17.14
1571792200, 0, 0, 116, 116, 8, 0.44%, 0, 0, 2, 15.36
1571792205, 0, 0, 123, 123, 8, 0.44%, 0, 0, 2, 16.34
1571792210, 0, 0, 129, 129, 8, 0.44%, 0, 0, 2, 16.96
1571792215, 0, 0, 135, 135, 8, 0.44%, 0, 0, 2, 17.21
1571792220, 0, 0, 139, 139, 8, 0.44%, 0, 0, 2, 16.95
1571792226, 0, 0, 141, 141, 8, 0.44%, 0, 0, 2, 16.98
1571792231, 0, 0, 144, 144, 8, 0.44%, 0, 0, 2, 17.20
1571792236, 0, 0, 145, 145, 8, 0.44%, 0, 0, 2, 17.03
1571792241, 0, 0, 146, 146, 8, 0.44%, 0, 0, 2, 17.20
1571792246, 0, 0, 148, 148, 8, 0.44%, 0, 0, 2, 16.62
1571792251, 0, 0, 149, 149, 8, 0.44%, 0, 0, 2, 15.09
1571792257, 0, 0, 150, 150, 8, 0.44%, 0, 0, 2, 1.59
1571794502, 0, 0, 151, 151, 8, 0.44%, 0, 0, 2, 16.03
1571794507, 0, 0, 152, 152, 8, 0.44%, 0, 0, 2, 17.32
1571794512, 0, 0, 153, 153, 8, 0.44%, 0, 0, 2, 18.05
1571794518, 0, 0, 154, 154, 8, 0.44%, 0, 0, 2, 17.95
1571794553, 0, 0, 155, 155, 8, 0.44%, 0, 0, 2, 17.42
1571794558, 0, 0, 155, 155, 8, 0.44%, 1, 0, 2, 16.01
1571794568, 0, 0, 156, 156, 8, 0.44%, 1, 0, 2, 17.25
1571794579, 0, 0, 157, 157, 8, 0.44%, 1, 0, 2, 17.66
1571794584, 0, 0, 158, 158, 8, 0.44%, 1, 0, 2, 17.66
1571794604, 0, 0, 159, 159, 8, 0.44%, 1, 0, 2, 17.56
1571794625, 0, 0, 159, 159, 8, 0.44%, 2, 0, 2, 15.63
1571794630, 0, 0, 160, 160, 8, 0.44%, 2, 0, 2, 16.02
1571794640, 0, 3, 160, 159, 18, 0.44%, 2, 0, 2, 16.21
1571794774, 0, 7, 160, 158, 17, 0.44%, 2, 0, 2, 16.16
1571794850, 0, 8, 160, 157, 16, 0.44%, 2, 0, 2, 15.42
1571795039, 0, 21, 160, 156, 15, 0.44%, 2, 0, 2, 18.83
1571831679, 0, 84, 160, 155, 14, 0.44%, 2, 0, 2, 17.07
1571872648, 0, 92, 160, 154, 13, 0.44%, 2, 0, 2, 19.41
1571874759, 0, 92, 161, 155, 13, 0.44%, 2, 0, 3, 15.93
1571878622, 0, 99, 161, 154, 12, 0.44%, 2, 0, 3, 13.22
1571880003, 0, 100, 161, 153, 11, 0.44%, 2, 0, 3, 15.14
